weight_kg = 14;
g = 9.81;

TW2 = [0.38, 0.42, 0.4, 0.43, 0.39, 0.43, 0.39, 0.33, 0.35, 0.36, 0.39, 0.4, 0.36, 0.36, 0.4, 0.46, 0.37, 0.42, 0.43, 0.43, 0.39, 0.42, 0.36, 0.32, 0.37, 0.41, 0.37, 0.33, 0.35, 0.38, 0.29, 0.33, 0.32, 0.25, 0.34, 0.38, 0.46, 0.4, 0.39, 0.42, 0.42, 0.41, 0.42, 0.44, 0.22, 0.25, 0.37, 0.33, 0.4, 0.23, 0.21, 0.22, 0.18, 0.2, 0.21, 0.21, 0.27, 0.27, 0.21, 0.3, 0.3, 0.26, 0.31, 0.39, 0.38, 0.33, 0.35, 0.35, 0.39, 0.36, 0.35, 0.37];
FT2 = [0.9, 0.7, 0.8, 0.7, 0.9, 0.8, 0.8, 1.1, 1.0, 1.0, 0.9, 0.8, 1.0, 0.9, 0.9, 0.7, 1.0, 0.8, 0.8, 0.7, 0.8, 0.7, 1.1, 1.3, 1.0, 0.9, 1.0, 1.2, 1.1, 0.8, 1.4, 1.0, 1.1, 1.5, 1.0, 0.8, 0.9, 1.0, 1.0, 0.9, 0.9, 0.9, 0.9, 0.9, 1.7, 1.5, 0.9, 1.0, 1.1, 1.4, 1.8, 1.7, 2.2, 1.9, 1.8, 1.8, 1.6, 1.2, 1.9, 1.0, 1.0, 1.3, 0.9, 1.0, 1.0, 1.4, 1.2, 1.2, 1.0, 1.2, 1.1, 1.2];
Temp2 = [64, 80, 75, 92, 73, 83, 82, 34, 65, 66, 82, 84, 68, 74, 83, 81, 55, 67, 63, 69, 58, 68, 58, 49, 59, 71, 63, 53, 56, 76, 51, 69, 72, 76, 68, 69, 42, 39, 69, 71, 48, 48, 65, 67, 69, 51, 82, 73, 54, 81, 53, 57, 62, 62, 54, 49, 71, 35, 32, 37, 37, 37, 42, 68, 67, 57, 67, 54, 60, 54, 74, 55] + 273.15;
FT2 = FT2 * 60;

TW4 = [0.4, 0.42, 0.48, 0.4, 0.44, 0.4, 0.48, 0.45, 0.41, 0.4, 0.41, 0.45, 0.42, 0.46, 0.35, 0.25, 0.26, 0.28, 0.29, 0.31, 0.32, 0.34, 0.31, 0.21, 0.22, 0.23, 0.23, 0.35, 0.33, 0.38, 0.38, 0.36, 0.34, 0.22, 0.23, 0.25, 0.26, 0.25, 0.21, 0.23, 0.24, 0.26, 0.27, 0.21, 0.34, 0.33, 0.37, 0.33, 0.34, 0.3, 0.26, 0.3, 0.35, 0.25, 0.3, 0.35, 0.31, 0.31, 0.31, 0.35, 0.35, 0.33, 0.36, 0.44, 0.4, 0.38, 0.31, 0.42, 0.41, 0.39, 0.38, 0.42];
FT4 = [1.1, 1.0, 0.9, 1.2, 1.1, 1.2, 0.9, 1.1, 1.2, 1.2, 1.2, 1.1, 1.2, 1.0, 1.5, 2.1, 2.0, 1.9, 1.7, 1.6, 1.5, 1.5, 1.5, 2.1, 2.1, 2.2, 2.0, 1.1, 1.2, 1.1, 1.0, 1.1, 1.2, 2.1, 2.0, 1.9, 1.8, 1.9, 2.1, 2.0, 1.9, 1.8, 1.7, 2.6, 1.3, 1.5, 1.3, 1.2, 1.2, 1.2, 1.6, 1.4, 1.1, 1.4, 1.2, 1.2, 1.4, 1.4, 1.4, 1.2, 1.2, 1.4, 1.2, 0.8, 1.0, 1.1, 1.4, 0.8, 0.9, 0.9, 1.0, 1.0];
Temp4 = [40, 27, 27, 33, 33, 42, 35, 41, 39, 37, 37, 38, 37, 38, 43, 43, 44, 45, 49, 51, 53, 55, 54, 49, 49, 51, 51, 38, 37, 39, 39, 38, 37, 51, 54, 56, 59, 56, 51, 53, 56, 58, 60, 50, 47, 39, 41, 42, 42, 42, 44, 47, 44, 44, 45, 46, 44, 44, 44, 47, 47, 43, 41, 32, 30, 35, 44, 31, 31, 32, 32, 33] + 273.15;
FT4 = FT4 * 60;

Thrust2 = TW2 * weight_kg * g;
Thrust4 = TW4 * weight_kg * g;

figure('Color', 'w', 'Position', [100, 100, 1200, 550]);

xq = linspace(min([Thrust2, Thrust4]), max([Thrust2, Thrust4]), 200);

subplot(1,2,1); hold on; grid on;
scatter(Thrust2, FT2, 20, [0.18 0.75 0.94], 'filled', 'HandleVisibility', 'off');
scatter(Thrust4, FT4, 20, [0.02 0.16 0.51], 'filled', 'HandleVisibility', 'off');
p2_ft = polyfit(Thrust2, FT2, 2);
plot(xq, polyval(p2_ft, xq), 'color', [0.18 0.75 0.94], 'LineWidth', 2.5, 'DisplayName', '2-Motor');
p4_ft = polyfit(Thrust4, FT4, 2);
plot(xq, polyval(p4_ft, xq), 'color', [0.02 0.16 0.51], 'LineWidth', 2.5, 'DisplayName', '4-Motor');
xlabel('Thrust (N)'); ylabel('Flight Time (sec)');
title('Flight Time');
legend('Location', 'best');
xlim([min([Thrust2, Thrust4])-5, max([Thrust2, Thrust4])+5]);

subplot(1,2,2); hold on; grid on;
scatter(Thrust2, Temp2, 20, [0.18 0.75 0.94], 'filled', 'HandleVisibility', 'off');
scatter(Thrust4, Temp4, 20, [0.02 0.16 0.51], 'filled', 'HandleVisibility', 'off');
p2_temp = polyfit(Thrust2, Temp2, 2);
plot(xq, polyval(p2_temp, xq), 'color', [0.18 0.75 0.94], 'LineWidth', 2.5, 'DisplayName', '2-Motor');
p4_temp = polyfit(Thrust4, Temp4, 2);
plot(xq, polyval(p4_temp, xq), 'color', [0.02 0.16 0.51], 'LineWidth', 2.5, 'DisplayName', '4-Motor');
yline(60 + 273.15, 'k--', '333.15 K Limit', 'LineWidth', 2, 'LabelHorizontalAlignment', 'right');
xlabel('Thrust (N)'); ylabel('Temperature (K)');
title('Temperature');
legend('Location', 'best');
xlim([min([Thrust2, Thrust4])-5, max([Thrust2, Thrust4])+5]);
